0
17
33
49
65
81
97
112
127
141
155
169
183
197
211
224
237
250
263
275
287
299
299
319
339
359
379
399
419
439
459
479
499
519
539
559
579
599
619
637
655
673
691
709
709
729
749
769
789
809
829
849
869
889
909
929
949
969
989
1009
1029
1048
1067
1086
1105
1124
1124
1124
1144
1164
1184
1204
1224
1244
1264
1284
1304
1324
1344
1364
1384
1404
1424
1444
1463
1482
1501
1520
1539
1539
1539
1559
1579
1599
1619
1639
1659
1679
1699
1719
1739
1759
1779
1799
1819
1839
1859
1878
1897
1916
1935
1954
1954
1954
1971
1987
2003
2019
2035
2051
2066
2081
2095
2109
2123
2137
2151
2165
2178
2191
2204
2217
2229
2241
2253
2253
2260
2267
2274
2281
2288
2295
2302
2309
2315
2320
2325
2330
2335
2340
2345
2345
2357
2368
2379
2389
2399
2409
2419
2429
2439
2449
2458
2467
2476
2485
2493
2493
2515
2537
2559
2581
2603
2625
2647
2669
2691
2713
2735
2757
2780
2803
2826
2848
2869
2890
2911
2932
2953
2953
2975
2997
3019
3041
3063
3085
3107
3129
3151
3173
3195
3217
3239
3261
3283
3304
3325
3346
3367
3388
3409
3409
3416
3423
3430
3437
3444
3451
3458
3465
3472
3479
3482
3485
3488
3491
3494
3494
3501
3508
3515
3522
3529
3536
3543
3550
3556
3561
3566
3571
3576
3581
3586
3586
3598
3609
3620
3630
3640
3650
3660
3670
3680
3690
3699
3708
3717
3726
3734
3734
3751
3767
3783
3799
3815
3831
3846
3861
3875
3889
3903
3917
3931
3945
3958
3971
3984
3997
4009
4021
4033
4033
4053
4073
4093
4113
4133
4153
4173
4193
4213
4233
4253
4273
4293
4313
4333
4353
4371
4389
4407
4425
4443
4443
4463
4483
4503
4523
4543
4563
4583
4603
4623
4643
4663
4683
4703
4723
4743
4763
4782
4801
4820
4839
4858
4858
4858
4878
4898
4918
4938
4958
4978
4998
5018
5038
5058
5078
5098
5118
5138
5158
5178
5197
5216
5235
5254
5273
5273
5273
5293
5313
5333
5353
5373
5393
5413
5433
5453
5473
5493
5513
5533
5553
5573
5593
5612
5631
5650
5669
5688
5688
5688
5705
5721
5737
5753
5769
5785
5800
5815
5829
5843
5857
5871
5885
5899
5912
5925
5938
5951
5963
5975
5987
5987
5994
6001
6008
6015
6022
6029
6036
6043
6049
6054
6059
6064
6069
6074
6079
6079
6091
6102
6113
6123
6133
6143
6153
6163
6173
6183
6192
6201
6210
6219
6227
6227
6249
6271
6293
6315
6337
6359
6381
6403
6425
6447
6469
6491
6514
6537
6560
6582
6603
6624
6645
6666
6687
6687
6709
6731
6753
6775
6797
6819
6841
6863
6885
6907
6929
6951
6973
6995
7017
7038
7059
7080
7101
7122
7143
7143
7150
7157
7164
7171
7178
7185
7192
7199
7206
7213
7216
7219
7222
7225
7228
7228
7235
7242
7249
7256
7263
7270
7277
7284
7290
7295
7300
7305
7310
7315
7320
7320
7332
7343
7354
7364
7374
7384
7394
7404
7414
7424
7433
7442
7451
7460
7468
7468
7473
7483
7493
7503
7513
7523
7533
7543
7553
7563
7572
7581
7590
7599
7608
7617
7626
7626
7646
7666
7686
7706
7726
7746
7766
7786
7806
7826
7846
7862
7878
7894
7910
7926
7926
7946
7966
7986
8006
8026
8046
8066
8086
8106
8126
8146
8162
8178
8194
8210
8226
8226
8246
8266
8286
8306
8326
8346
8366
8386
8406
8426
8446
8462
8478
8494
8510
8526
8526
8546
8566
8586
8606
8626
8646
8666
8686
8706
8726
8746
8762
8778
8794
8810
8826
8826
8846
8866
8886
8906
8926
8946
8966
8986
9006
9026
9046
9062
9078
9094
9110
9126
9126
9131
9141
9151
9161
9171
9181
9191
9201
9211
9221
9231
9241
9251
9261
9271
9281
9291
9291
9306
9321
9336
9351
9366
9381
9396
9411
9426
9440
9454
9468
9481
9494
9507
9520
9533
9546
9554
9561
9568
9575
9575
9575
9585
9595
9605
9615
9625
9634
9643
9652
9661
9670
9679
9688
9697
9705
9713
9721
9729
9733
9737
9741
9745
9745
9756
9767
9778
9789
9800
9810
9820
9830
9840
9850
9860
9870
9879
9888
9897
9906
9915
9920
9925
9930
9935
9940
9940
9956
9972
9988
10004
10020
10036
10052
10068
10084
10100
10116
10132
10148
10164
10180
10196
10212
10228
10244
10260
10276
10292
10308
10324
10337
10350
10363
10376
10376
10389
10402
10415
10428
10441
10454
10467
10480
10493
10506
10519
10532
10545
10558
10571
10584
10597
10610
10623
10636
10649
10662
10675
10688
10698
10708
10718
10728
10728
10741
10754
10767
10780
10793
10806
10819
10832
10845
10858
10871
10884
10897
10910
10923
10936
10949
10962
10975
10988
11001
11014
11027
11040
11050
11060
11070
11080
11080
11096
11112
11128
11144
11160
11176
11192
11208
11224
11240
11256
11272
11288
11304
11320
11336
11352
11368
11384
11400
11416
11432
11448
11464
11477
11490
11503
11516
11516
11531
11546
11561
11576
11591
11606
11621
11636
11651
11665
11679
11693
11706
11719
11732
11745
11758
11771
11779
11786
11793
11800
11800
11800
11810
11820
11830
11840
11850
11859
11868
11877
11886
11895
11904
11913
11922
11930
11938
11946
11954
11958
11962
11966
11970
11970
11981
11992
12003
12014
12025
12035
12045
12055
12065
12075
12085
12095
12104
12113
12122
12131
12140
12145
12150
12155
12160
12165
12165
12170
12180
12190
12200
12210
12220
12230
12240
12250
12260
12269
12278
12287
12296
12305
12314
12323
12323
12343
12363
12383
12403
12423
12443
12463
12483
12503
12523
12543
12559
12575
12591
12607
12623
12623
12643
12663
12683
12703
12723
12743
12763
12783
12803
12823
12843
12859
12875
12891
12907
12923
12923
12943
12963
12983
13003
13023
13043
13063
13083
13103
13123
13143
13159
13175
13191
13207
13223
13223
13243
13263
13283
13303
13323
13343
13363
13383
13403
13423
13443
13459
13475
13491
13507
13523
13523
13543
13563
13583
13603
13623
13643
13663
13683
13703
13723
13743
13759
13775
13791
13807
13823
13823
13828
13838
13848
13858
13868
13878
13888
13898
13908
13918
13928
13938
13948
13958
13968
13978
13988
13988
14003
14018
14033
14048
14063
14078
14093
14108
14123
14137
14151
14165
14178
14191
14204
14217
14230
14243
14251
14258
14265
14272
14272
14272
14282
14292
14302
14312
14322
14331
14340
14349
14358
14367
14376
14385
14394
14402
14410
14418
14426
14430
14434
14438
14442
14442
14453
14464
14475
14486
14497
14507
14517
14527
14537
14547
14557
14567
14576
14585
14594
14603
14612
14617
14622
14627
14632
14637
14637
14653
14669
14685
14701
14717
14733
14749
14765
14781
14797
14813
14829
14845
14861
14877
14893
14909
14925
14941
14957
14973
14989
15005
15021
15034
15047
15060
15073
15073
15086
15099
15112
15125
15138
15151
15164
15177
15190
15203
15216
15229
15242
15255
15268
15281
15294
15307
15320
15333
15346
15359
15372
15385
15395
15405
15415
15425
15425
15438
15451
15464
15477
15490
15503
15516
15529
15542
15555
15568
15581
15594
15607
15620
15633
15646
15659
15672
15685
15698
15711
15724
15737
15747
15757
15767
15777
15777
15793
15809
15825
15841
15857
15873
15889
15905
15921
15937
15953
15969
15985
16001
16017
16033
16049
16065
16081
16097
16113
16129
16145
16161
16174
16187
16200
16213
16213
16228
16243
16258
16273
16288
16303
16318
16333
16348
16362
16376
16390
16403
16416
16429
16442
16455
16468
16476
16483
16490
16497
16497
16497
16507
16517
16527
16537
16547
16556
16565
16574
16583
16592
16601
16610
16619
16627
16635
16643
16651
16655
16659
16663
16667
16667
16678
16689
16700
16711
16722
16732
16742
16752
16762
16772
16782
16792
16801
16810
16819
16828
16837
16842
16847
16852
16857
16862
16862
16874
16886
16898
16910
16922
16934
16946
16958
16969
16980
16991
17002
17013
17024
17035
17046
17057
17068
17079
17090
17101
17112
17123
17134
17144
17154
17164
17174
17184
17195
17206
17206
17217
17228
17239
17250
17261
17272
17283
17294
17305
17316
17327
17338
17349
17360
17371
17382
17393
17404
17415
17426
17437
17448
17459
17470
17479
17487
17495
17503
17511
17521
17531
17531
17542
17553
17564
17575
17586
17597
17608
17619
17630
17641
17652
17663
17674
17685
17696
17707
17718
17729
17740
17751
17762
17773
17784
17795
17804
17812
17820
17828
17836
17846
17856
17856
17867
17878
17889
17900
17911
17922
17933
17944
17955
17966
17977
17988
17999
18010
18021
18032
18043
18054
18065
18076
18087
18098
18109
18120
18129
18137
18145
18153
18161
18171
18181
18181
18192
18203
18214
18225
18236
18247
18258
18269
18280
18291
18302
18313
18324
18335
18346
18357
18368
18379
18390
18401
18412
18423
18434
18445
18454
18462
18470
18478
18486
18496
18506
18506
18517
18528
18539
18550
18561
18572
18583
18594
18605
18616
18627
18638
18649
18660
18671
18682
18693
18704
18715
18726
18737
18748
18759
18770
18779
18787
18795
18803
18811
18821
18831
18831
18842
18853
18864
18875
18886
18897
18908
18919
18930
18941
18952
18963
18974
18985
18996
19007
19018
19029
19040
19051
19062
19073
19084
19095
19104
19112
19120
19128
19136
19146
19156
19156
19167
19178
19189
19200
19211
19222
19233
19244
19255
19266
19277
19288
19299
19310
19321
19332
19343
19354
19365
19376
19387
19398
19409
19420
19429
19437
19445
19453
19461
19471
19481
19481
19492
19503
19514
19525
19536
19547
19558
19569
19580
19591
19602
19613
19624
19635
19646
19657
19668
19679
19690
19701
19712
19723
19734
19745
19754
19762
19770
19778
19786
19796
19806
19806
19817
19828
19839
19850
19861
19872
19883
19894
19905
19916
19927
19938
19949
19960
19971
19982
19993
20004
20015
20026
20037
20048
20059
20070
20079
20087
20095
20103
20111
20121
20131
20131
20142
20153
20164
20175
20186
20197
20208
20219
20230
20241
20252
20263
20274
20285
20296
20307
20318
20329
20340
20351
20362
20373
20384
20395
20404
20412
20420
20428
20436
20446
20456
20456
20468
20480
20492
20504
20516
20528
20540
20552
20563
20574
20585
20596
20607
20618
20629
20640
20651
20662
20673
20684
20695
20706
20717
20728
20738
20748
20758
20768
20778
20789
20800
20800
20812
20824
20836
20848
20860
20872
20884
20896
20907
20918
20929
20940
20951
20962
20973
20984
20995
21006
21017
21028
21039
21050
21061
21072
21082
21092
21102
21112
21122
21133
21144
21144
21155
21166
21177
21188
21199
21210
21221
21232
21243
21254
21265
21276
21287
21298
21309
21320
21331
21342
21353
21364
21375
21386
21397
21408
21417
21425
21433
21441
21449
21459
21469
21469
21480
21491
21502
21513
21524
21535
21546
21557
21568
21579
21590
21601
21612
21623
21634
21645
21656
21667
21678
21689
21700
21711
21722
21733
21742
21750
21758
21766
21774
21784
21794
21794
21805
21816
21827
21838
21849
21860
21871
21882
21893
21904
21915
21926
21937
21948
21959
21970
21981
21992
22003
22014
22025
22036
22047
22058
22067
22075
22083
22091
22099
22109
22119
22119
22130
22141
22152
22163
22174
22185
22196
22207
22218
22229
22240
22251
22262
22273
22284
22295
22306
22317
22328
22339
22350
22361
22372
22383
22392
22400
22408
22416
22424
22434
22444
22444
22455
22466
22477
22488
22499
22510
22521
22532
22543
22554
22565
22576
22587
22598
22609
22620
22631
22642
22653
22664
22675
22686
22697
22708
22717
22725
22733
22741
22749
22759
22769
22769
22780
22791
22802
22813
22824
22835
22846
22857
22868
22879
22890
22901
22912
22923
22934
22945
22956
22967
22978
22989
23000
23011
23022
23033
23042
23050
23058
23066
23074
23084
23094
23094
23105
23116
23127
23138
23149
23160
23171
23182
23193
23204
23215
23226
23237
23248
23259
23270
23281
23292
23303
23314
23325
23336
23347
23358
23367
23375
23383
23391
23399
23409
23419
23419
23430
23441
23452
23463
23474
23485
23496
23507
23518
23529
23540
23551
23562
23573
23584
23595
23606
23617
23628
23639
23650
23661
23672
23683
23692
23700
23708
23716
23724
23734
23744
23744
23755
23766
23777
23788
23799
23810
23821
23832
23843
23854
23865
23876
23887
23898
23909
23920
23931
23942
23953
23964
23975
23986
23997
24008
24017
24025
24033
24041
24049
24059
24069
24069
24080
24091
24102
24113
24124
24135
24146
24157
24168
24179
24190
24201
24212
24223
24234
24245
24256
24267
24278
24289
24300
24311
24322
24333
24342
24350
24358
24366
24374
24384
24394
24394
24406
24418
24430
24442
24454
24466
24478
24490
24501
24512
24523
24534
24545
24556
24567
24578
24589
24600
24611
24622
24633
24644
24655
24666
24676
24686
24696
24706
24716
24727
24738
